0 111 103 127 39 84 139 109
0 111 103 127 39 84 139 109
94 111 103 127 39 84 139 109
120 111 103 127 39 84 139 109
44 111 103 127 39 84 139 109
0 111 103 127 39 84 139 109
51 111 103 127 39 84 139 109
86 111 103 127 39 84 139 109
105 111 92 127 39 84 139 109
8 111 92 127 39 180 139 109
68 111 92 127 39 180 139 109
118 111 92 127 0 180 139 109
106 111 92 126 0 180 139 109
29 111 92 88 0 180 139 109
18 111 92 88 0 180 94 109
74 111 92 88 0 180 70 109
106 111 92 88 0 180 70 109
110 111 92 88 0 180 70 109
79 111 92 88 0 180 70 148
61 111 92 88 0 180 70 180
53 111 92 88 0 180 70 180
53 111 92 88 0 180 70 180
4 164 20 88 0 180 70 180
104 164 20 88 0 102 70 180
120 164 20 88 0 39 70 180
135 164 20 88 0 39 70 180
135 164 20 88 40 39 70 180
135 107 20 130 42 39 70 180
135 107 110 130 42 39 6 180
