82 152 48 88 0 180 0 180
82 152 48 88 0 180 0 180
82 152 48 129 45 180 0 180
82 152 48 177 45 180 0 180
82 152 48 177 45 180 141 180
82 152 48 176 46 180 141 180
82 152 20 176 46 180 141 180
85 180 20 176 46 180 141 180
135 180 20 176 46 180 141 180
83 180 20 176 46 180 141 180
83 180 20 176 46 180 141 180
83 180 20 176 46 180 141 180
83 125 20 176 46 180 141 180
83 125 20 176 46 180 141 180
83 125 20 176 46 180 141 180
83 125 73 176 46 180 141 180
83 125 73 176 46 180 141 180
83 125 73 176 45 180 141 180
83 125 73 176 46 101 141 180
83 125 73 176 57 101 141 180
83 125 73 180 57 101 141 180
